255 255 255 255 255 255 255 255 255 255 255 255 255 255 255 255
255 255 255 255 255 255 255 255 255 255 255 255 255 255 255 255
255 255   0   0   0   0   0   0   0   0   0   0   0   0 255 255
255 255   0   0   0   0   0   0   0   0   0   0   0   0 255 255
255 255   0   0 255 255 255 255 255 255 255 255   0   0 255 255
255 255   0   0 255   0 255 255 255   0 255 255   0   0 255 255
255 255   0   0 255   0 255 255   0 255   0 255   0   0 255 255
255 255   0   0 255   0   0   0 255 255 255 255   0   0 255 255
255 255   0   0 255   0   0   0 255   0 255 255   0   0 255 255
255 255   0   0 255 255   0 255   0 255 255 255   0   0 255 255
255 255   0   0 255   0 255   0 255 255 255 255   0   0 255 255
255 255   0   0 255 255 255 255 255 255 255 255   0   0 255 255
255 255   0   0   0   0   0   0   0   0   0   0   0   0 255 255
255 255   0   0   0   0   0   0   0   0   0   0   0   0 255 255
255 255 255 255 255 255 255 255 255 255 255 255 255 255 255 255
255 255 255 255 255 255 255 255 255 255 255 255 255 255 255 255
255 255 255 255 255 255 255 255 255 255 255 255 255 255 255 255
255 255 255 255 255 255 255 255 255 255 255 255 255 255 255 255
255 255   0   0   0   0   0   0   0   0   0   0   0   0 255 255
255 255   0   0   0   0   0   0   0   0   0   0   0   0 255 255
255 255   0   0 255 255 255 255 255 255 255 255   0   0 255 255
255 255   0   0 255   0 255 255 255   0 255 255   0   0 255 255
255 255   0   0 255   0 255 255   0 255   0 255   0   0 255 255
255 255   0   0 255   0   0   0 255 255 255 255   0   0 255 255
255 255   0   0 255   0   0   0 255   0 255 255   0   0 255 255
255 255   0   0 255 255   0 255   0 255 255 255   0   0 255 255
255 255   0   0 255   0 255   0 255 255 255 255   0   0 255 255
255 255   0   0 255 255 255 255 255 255 255 255   0   0 255 255
255 255   0   0   0   0   0   0   0   0   0   0   0   0 255 255
255 255   0   0   0   0   0   0   0   0   0   0   0   0 255 255
255 255 255 255 255 255 255 255 255 255 255 255 255 255 255 255
255 255 255 255 255 255 255 255 255 255 255 255 255 255 255 255
255 255 255 255 255 255 255 255 255 255 255 255 255 255 255 255
255 255 255 255 255 255 255 255 255 255 255 255 255 255 255 255
255 255   0   0   0   0   0   0   0   0   0   0   0   0 255 255
255 255   0   0   0   0   0   0   0   0   0   0   0   0 255 255
255 255   0   0 255 255 255 255 255 255 255 255   0   0 255 255
255 255   0   0 255   0 255 255 255   0 255 255   0   0 255 255
255 255   0   0 255   0 255 255   0 255   0 255   0   0 255 255
255 255   0   0 255   0   0   0 255 255 255 255   0   0 255 255
255 255   0   0 255   0   0   0 255   0 255 255   0   0 255 255
255 255   0   0 255 255   0 255   0 255 255 255   0   0 255 255
255 255   0   0 255   0 255   0 255 255 255 255   0   0 255 255
255 255   0   0 255 255 255 255 255 255 255 255   0   0 255 255
255 255   0   0   0   0   0   0   0   0   0   0   0   0 255 255
255 255   0   0   0   0   0   0   0   0   0   0   0   0 255 255
255 255 255 255 255 255 255 255 255 255 255 255 255 255 255 255
255 255 255 255 255 255 255 255 255 255 255 255 255 255 255 255

255 255 255 255 255 255 255 255 255 255 255 255 255 255 255 255
255 255 255 255 255 255 255 255 255 255 255 255 255 255 255 255
255 255  82  45  45  45  45  45  45  45  45  45  45  82 255 255
255 255  45   0   0   0   0   0   0   0   0   0   0  45 255 255
255 255  45   0 197 224 224 224 224 224 224 197   0  45 255 255
255 255  45   0 224 255  37 247 255 255 255 224   0  45 255 255
255 255  45   0 224  37 225 252  21 255 255 224   0  45 255 255
255 255  45   0 224 247  21 245 237  21 254 224   0  45 255 255
255 255  45   0 224 255 253   8   7 230  30 224   0  45 255 255
255 255  45   0 224 240 239   6   0  28 240 224   0  45 255 255
255 255  45   0 224  44  23  23  29 240  44 224   0  45 255 255
255 255  45   0 196 224 224 224 224 224 224 197   0  45 255 255
255 255  45   0   0   0   0   0   0   0   0   0   0  45 255 255
255 255  82  45  45  45  45  45  45  45  45  45  45  82 255 255
255 255 255 255 255 255 255 255 255 255 255 255 255 255 255 255
255 255 254 253 254 254 254 254 254 254 254 254 253 254 254 255
255 255 255 255 255 255 255 255 255 255 255 255 255 255 255 255
255 255 255 255 255 255 255 255 255 255 255 255 255 255 255 255
255 255  82  45  45  45  45  45  45  45  45  45  45  82 255 255
255 255  45   0   0   0   0   0   0   0   0   0   0  45 255 255
255 255  45   0 197 224 224 224 224 224 224 197   0  45 255 255
255 255  45   0 224 255  37 247 255 255 255 224   0  45 255 255
255 255  45   0 224  37 225 252  21 255 255 224   0  45 255 255
255 255  45   0 224 247  21 245 237  21 254 224   0  45 255 255
255 255  45   0 224 255 253   8   7 230  30 224   0  45 255 255
255 255  45   0 224 240 239   6   0  28 240 224   0  45 255 255
255 255  45   0 224  44  23  23  29 240  44 224   0  45 255 255
255 255  45   0 196 224 224 224 224 224 224 197   0  45 255 255
255 255  45   0   0   0   0   0   0   0   0   0   0  45 255 255
255 255  82  45  45  45  45  45  45  45  45  45  45  82 255 255
255 255 255 255 255 255 255 255 255 255 255 255 255 255 255 255
255 255 254 253 254 254 254 254 254 254 254 254 253 254 254 255
255 255 255 255 255 255 255 255 255 255 255 255 255 255 255 255
255 255 255 255 255 255 255 255 255 255 255 255 255 255 255 255
255 255  82  45  45  45  45  45  45  45  45  45  45  82 255 255
255 255  45   0   0   0   0   0   0   0   0   0   0  45 255 255
255 255  45   0 197 224 224 224 224 224 224 197   0  45 255 255
255 255  45   0 224 255  37 247 255 255 255 224   0  45 255 255
255 255  45   0 224  37 225 252  21 255 255 224   0  45 255 255
255 255  45   0 224 247  21 245 237  21 254 224   0  45 255 255
255 255  45   0 224 255 253   8   7 230  30 224   0  45 255 255
255 255  45   0 224 240 239   6   0  28 240 224   0  45 255 255
255 255  45   0 224  44  23  23  29 240  44 224   0  45 255 255
255 255  45   0 196 224 224 224 224 224 224 197   0  45 255 255
255 255  45   0   0   0   0   0   0   0   0   0   0  45 255 255
255 255  82  45  45  45  45  45  45  45  45  45  45  82 255 255
255 255 255 255 255 255 255 255 255 255 255 255 255 255 255 255
255 255 254 253 254 254 254 254 254 254 254 254 253 254 254 255

255 255 255 255 255 255 255 255 255 255 255 255 255 255 255 255
255 255 255 255 255 255 255 255 255 255 255 255 255 255 255 254
255 255  82  45  45  45  45  45  45  45  45  45  45  82 255 254
255 255  45   0   0   0   0   0   0   0   0   0   0  45 255 253
255 255  45   0 197 224 224 224 224 224 224 197   0  45 255 254
255 255  45   0 224 255 255 254  30 240  44 224   0  45 255 254
255 255  45   0 224 255 255  21 230  28 240 224   0  45 255 254
255 255  45   0 224 255  21 237   7   0  29 224   0  45 255 254
255 255  45   0 224 247 252 245   8   6  23 224   0  45 255 254
255 255  45   0 224  37 225  21 253 239  23 224   0  45 255 254
255 255  45   0 224 255  37 247 255 240  44 224   0  45 255 254
255 255  45   0 197 224 224 224 224 224 224 196   0  45 255 254
255 255  45   0   0   0   0   0   0   0   0   0   0  45 255 253
255 255  82  45  45  45  45  45  45  45  45  45  45  82 255 254
255 255 255 255 255 255 255 255 255 255 255 255 255 255 255 255
255 255 255 255 255 255 255 255 255 255 255 255 255 255 255 255
255 255 255 255 255 255 255 255 255 255 255 255 255 255 255 255
255 255 255 255 255 255 255 255 255 255 255 255 255 255 255 254
255 255  82  45  45  45  45  45  45  45  45  45  45  82 255 254
255 255  45   0   0   0   0   0   0   0   0   0   0  45 255 253
255 255  45   0 197 224 224 224 224 224 224 197   0  45 255 254
255 255  45   0 224 255 255 254  30 240  44 224   0  45 255 254
255 255  45   0 224 255 255  21 230  28 240 224   0  45 255 254
255 255  45   0 224 255  21 237   7   0  29 224   0  45 255 254
255 255  45   0 224 247 252 245   8   6  23 224   0  45 255 254
255 255  45   0 224  37 225  21 253 239  23 224   0  45 255 254
255 255  45   0 224 255  37 247 255 240  44 224   0  45 255 254
255 255  45   0 197 224 224 224 224 224 224 196   0  45 255 254
255 255  45   0   0   0   0   0   0   0   0   0   0  45 255 253
255 255  82  45  45  45  45  45  45  45  45  45  45  82 255 254
255 255 255 255 255 255 255 255 255 255 255 255 255 255 255 255
255 255 255 255 255 255 255 255 255 255 255 255 255 255 255 255
255 255 255 255 255 255 255 255 255 255 255 255 255 255 255 255
255 255 255 255 255 255 255 255 255 255 255 255 255 255 255 254
255 255  82  45  45  45  45  45  45  45  45  45  45  82 255 254
255 255  45   0   0   0   0   0   0   0   0   0   0  45 255 253
255 255  45   0 197 224 224 224 224 224 224 197   0  45 255 254
255 255  45   0 224 255 255 254  30 240  44 224   0  45 255 254
255 255  45   0 224 255 255  21 230  28 240 224   0  45 255 254
255 255  45   0 224 255  21 237   7   0  29 224   0  45 255 254
255 255  45   0 224 247 252 245   8   6  23 224   0  45 255 254
255 255  45   0 224  37 225  21 253 239  23 224   0  45 255 254
255 255  45   0 224 255  37 247 255 240  44 224   0  45 255 254
255 255  45   0 197 224 224 224 224 224 224 196   0  45 255 254
255 255  45   0   0   0   0   0   0   0   0   0   0  45 255 253
255 255  82  45  45  45  45  45  45  45  45  45  45  82 255 254
255 255 255 255 255 255 255 255 255 255 255 255 255 255 255 255
255 255 255 255 255 255 255 255 255 255 255 255 255 255 255 255

255 254 254 253 254 254 254 254 254 254 254 254 253 254 255 255
255 255 255 255 255 255 255 255 255 255 255 255 255 255 255 255
255 255  82  45  45  45  45  45  45  45  45  45  45  82 255 255
255 255  45   0   0   0   0   0   0   0   0   0   0  45 255 255
255 255  45   0 197 224 224 224 224 224 224 196   0  45 255 255
255 255  45   0 224  44 240  29  23  23  44 224   0  45 255 255
255 255  45   0 224 240  28   0   6 239 240 224   0  45 255 255
255 255  45   0 224  30 230   7   8 253 255 224   0  45 255 255
255 255  45   0 224 254  21 237 245  21 247 224   0  45 255 255
255 255  45   0 224 255 255  21 252 225  37 224   0  45 255 255
255 255  45   0 224 255 255 255 247  37 255 224   0  45 255 255
255 255  45   0 197 224 224 224 224 224 224 197   0  45 255 255
255 255  45   0   0   0   0   0   0   0   0   0   0  45 255 255
255 255  82  45  45  45  45  45  45  45  45  45  45  82 255 255
255 255 255 255 255 255 255 255 255 255 255 255 255 255 255 255
255 255 255 255 255 255 255 255 255 255 255 255 255 255 255 255
255 254 254 253 254 254 254 254 254 254 254 254 253 254 255 255
255 255 255 255 255 255 255 255 255 255 255 255 255 255 255 255
255 255  82  45  45  45  45  45  45  45  45  45  45  82 255 255
255 255  45   0   0   0   0   0   0   0   0   0   0  45 255 255
255 255  45   0 197 224 224 224 224 224 224 196   0  45 255 255
255 255  45   0 224  44 240  29  23  23  44 224   0  45 255 255
255 255  45   0 224 240  28   0   6 239 240 224   0  45 255 255
255 255  45   0 224  30 230   7   8 253 255 224   0  45 255 255
255 255  45   0 224 254  21 237 245  21 247 224   0  45 255 255
255 255  45   0 224 255 255  21 252 225  37 224   0  45 255 255
255 255  45   0 224 255 255 255 247  37 255 224   0  45 255 255
255 255  45   0 197 224 224 224 224 224 224 197   0  45 255 255
255 255  45   0   0   0   0   0   0   0   0   0   0  45 255 255
255 255  82  45  45  45  45  45  45  45  45  45  45  82 255 255
255 255 255 255 255 255 255 255 255 255 255 255 255 255 255 255
255 255 255 255 255 255 255 255 255 255 255 255 255 255 255 255
255 254 254 253 254 254 254 254 254 254 254 254 253 254 255 255
255 255 255 255 255 255 255 255 255 255 255 255 255 255 255 255
255 255  82  45  45  45  45  45  45  45  45  45  45  82 255 255
255 255  45   0   0   0   0   0   0   0   0   0   0  45 255 255
255 255  45   0 197 224 224 224 224 224 224 196   0  45 255 255
255 255  45   0 224  44 240  29  23  23  44 224   0  45 255 255
255 255  45   0 224 240  28   0   6 239 240 224   0  45 255 255
255 255  45   0 224  30 230   7   8 253 255 224   0  45 255 255
255 255  45   0 224 254  21 237 245  21 247 224   0  45 255 255
255 255  45   0 224 255 255  21 252 225  37 224   0  45 255 255
255 255  45   0 224 255 255 255 247  37 255 224   0  45 255 255
255 255  45   0 197 224 224 224 224 224 224 197   0  45 255 255
255 255  45   0   0   0   0   0   0   0   0   0   0  45 255 255
255 255  82  45  45  45  45  45  45  45  45  45  45  82 255 255
255 255 255 255 255 255 255 255 255 255 255 255 255 255 255 255
255 255 255 255 255 255 255 255 255 255 255 255 255 255 255 255
